106, 104
111, 104
113, 99
112, 108
115, 111
117, 96
121, 95
118, 114
97, 100
116, 118
125, 95
92, 98
129, 93
113, 122
120, 120
110, 126
119, 90
119, 85
123, 123
133, 92
124, 127
106, 129
103, 133
126, 131
136, 88
135, 83
87, 98
129, 134
133, 134
136, 137
102, 137
139, 140
139, 80
97, 137
143, 142
147, 144
94, 141
89, 141
140, 89
82, 97
151, 142
155, 144
158, 147
145, 148
162, 144
160, 151
166, 145
78, 100
133, 129
143, 78
161, 155
118, 107
147, 76
147, 71
149, 66
163, 159
85, 144
83, 148
153, 64
161, 163
75, 95
157, 62
101, 106
170, 145
164, 166
174, 142
93, 133
148, 80
71, 91
134, 96
163, 170
161, 61
178, 141
106, 99
166, 173
167, 177
145, 62
182, 141
156, 164
186, 140
105, 128
165, 58
165, 181
119, 126
78, 146
168, 54
170, 170
171, 178
190, 140
194, 139
197, 142
172, 51
201, 140
176, 51
174, 181
162, 185
159, 189
66, 88
180, 51
182, 46
203, 135
184, 53
155, 192
162, 192
151, 195
177, 184
186, 44
179, 41
61, 90
76, 150
58, 85
91, 128
87, 136
147, 198
98, 132
114, 84
171, 46
204, 143
206, 147
71, 149
144, 202
190, 42
92, 123
96, 145
74, 103
203, 130
207, 129
136, 125
143, 194
172, 56
139, 204
54, 81
66, 151
65, 155
181, 186
185, 188
166, 47
136, 208
188, 191
190, 195
60, 153
67, 159
134, 212
193, 38
211, 126
201, 149
197, 35
141, 58
215, 125
202, 35
165, 181
64, 163
190, 199
137, 54
194, 201
50, 84
52, 76
206, 35
110, 101
143, 53
219, 122
46, 87
56, 149
143, 92
130, 215
198, 203
210, 144
139, 190
126, 211
200, 207
137, 215
51, 71
138, 92
209, 38
127, 219
186, 57
204, 207
63, 167
127, 223
135, 186
61, 171
223, 122
41, 89
194, 30
196, 210
71, 161
129, 227
96, 132
147, 94
126, 231
113, 92
214, 146
50, 66
121, 232
46, 62
206, 211
108, 120
118, 236
128, 235
87, 97
58, 175
92, 137
113, 233
142, 48
133, 57
151, 96
206, 215
213, 37
165, 42
84, 102
218, 147
216, 33
227, 119
87, 105
208, 42
220, 32
178, 190
205, 219
54, 178
209, 220
43, 57
51, 182
164, 151
211, 45
48, 186
222, 147
213, 220
75, 163
127, 239
224, 31
111, 79
217, 221
221, 219
130, 183
202, 211
128, 243
79, 164
38, 55
52, 145
231, 117
153, 168
208, 224
82, 167
130, 247
205, 228
61, 178
228, 33
40, 52
36, 88
201, 231
231, 29
47, 144
44, 49
108, 235
211, 131
192, 25
177, 136
47, 45
92, 97
43, 185
184, 61
223, 151
200, 235
73, 153
184, 65
162, 196
173, 139
81, 162
140, 63
140, 124
225, 221
220, 155
126, 250
154, 57
125, 181
41, 189
236, 29
48, 190
166, 37
36, 186
35, 49
215, 132
226, 225
140, 150
229, 228
233, 225
134, 247
37, 44
220, 159
226, 37
109, 132
237, 227
32, 91
40, 193
204, 223
42, 93
141, 217
216, 162
35, 195
155, 96
32, 84
35, 59
240, 30
30, 195
244, 27
238, 231
49, 40
30, 48
108, 74
130, 52
85, 170
203, 40
84, 174
195, 237
61, 148
190, 55
51, 35
45, 81
104, 238
162, 33
248, 29
63, 158
99, 240
52, 30
198, 28
187, 22
136, 153
94, 237
195, 241
96, 244
229, 40
124, 176
44, 97
27, 92
22, 90
235, 114
195, 245
55, 37
238, 110
221, 26
56, 28
34, 39
60, 25
91, 245
177, 51
124, 254
157, 35
107, 69
169, 135
154, 30
115, 113
26, 198
238, 105
227, 152
88, 249
241, 224
54, 88
252, 26
41, 45
234, 101
240, 235
84, 252
79, 251
127, 257
183, 48
179, 131
238, 117
196, 196
152, 25
121, 212
25, 49
244, 220
242, 117
58, 20
137, 250
75, 254
194, 249
213, 49
246, 215
85, 178
70, 252
166, 62
148, 28
20, 50
243, 238
120, 172
142, 73
222, 214
73, 258
241, 101
32, 34
245, 100
256, 26
145, 98
258, 30
172, 165
137, 181
246, 119
85, 152
152, 81
184, 69
260, 23
69, 261
111, 238
246, 210
155, 84
247, 239
222, 209
224, 161
222, 21
168, 130
85, 256
188, 70
72, 107
178, 126
153, 20
125, 51
142, 43
250, 120
119, 253
244, 95
226, 232
122, 246
99, 148
212, 150
248, 243
210, 121
215, 53
81, 181
65, 264
176, 166
85, 131
85, 164
223, 204
34, 181
247, 33
143, 27
40, 80
252, 124
219, 200
78, 185
50, 81
63, 182
225, 26
62, 17
101, 143
67, 247
50, 194
170, 37
144, 121
54, 16
71, 149
250, 215
18, 93
65, 13
249, 206
249, 247
253, 247
198, 250
49, 14
257, 249
129, 261
144, 102
127, 265
47, 28
256, 126
79, 176
180, 181
19, 45
83, 139
116, 210
125, 89
216, 126
192, 69
198, 254
31, 62
199, 258
250, 201
22, 201
155, 15
141, 249
208, 206
62, 249
189, 64
254, 200
42, 146
213, 166
95, 232
117, 108
195, 261
59, 244
145, 125
189, 248
210, 228
188, 59
231, 110
115, 81
41, 101
231, 44
82, 182
205, 142
89, 258
27, 83
193, 191
89, 179
245, 250
260, 123
129, 269
64, 27
258, 253
100, 246
195, 72
258, 121
66, 268
16, 40
190, 262
65, 186
41, 150
208, 116
260, 34
238, 239
231, 152
203, 258
261, 248
263, 37
50, 177
56, 71
103, 132
149, 55
201, 24
29, 178
245, 90
23, 205
138, 25
263, 126
57, 170
180, 72
173, 33
25, 96
243, 254
82, 152
70, 144
151, 24
131, 154
60, 264
129, 210
80, 130
111, 116
263, 130
263, 119
33, 29
198, 233
207, 256
248, 127
212, 115
55, 183
18, 205
76, 126
111, 136
267, 132
264, 41
225, 143
271, 129
229, 141
179, 169
268, 42
218, 205
106, 64
203, 113
190, 266
274, 132
13, 202
269, 127
145, 218
37, 143
30, 190
150, 12
244, 242
276, 136
130, 273
159, 94
127, 250
258, 197
262, 194
149, 215
193, 230
199, 221
94, 179
265, 246
115, 256
36, 188
47, 172
268, 249
8, 199
56, 267
36, 199
134, 275
266, 192
194, 76
111, 208
51, 264
23, 100
202, 44
83, 260
69, 14
48, 268
270, 189
25, 181
183, 166
33, 54
163, 200
279, 139
43, 269
258, 18
110, 212
50, 198
249, 98
241, 258
69, 271
140, 210
62, 259
125, 275
191, 80
84, 109
102, 69
39, 272
271, 193
130, 158
115, 171
18, 102
98, 149
188, 228
56, 80
274, 196
234, 155
37, 90
249, 87
5, 194
44, 11
179, 62
17, 54
70, 157
17, 106
26, 185
185, 201
135, 200
258, 257
58, 160
198, 141
112, 69
272, 42
27, 65
197, 79
144, 129
250, 235
197, 265
245, 198
253, 97
45, 6
194, 43
270, 128
189, 17
125, 137
155, 100
182, 123
281, 143
177, 67
138, 39
94, 92
184, 224
174, 122
254, 236
150, 50
177, 55
258, 233
193, 14
94, 183
133, 25
122, 234
89, 154
16, 110
210, 170
241, 262
91, 262
163, 131
210, 174
142, 36
274, 37
46, 184
133, 161
42, 275
77, 246
35, 275
145, 10
30, 272
44, 104
121, 210
245, 83
76, 168
257, 94
253, 206
138, 221
20, 112
246, 257
75, 241
128, 22
152, 160
186, 258
121, 278
283, 137
22, 104
13, 35
137, 163
25, 272
266, 136
65, 263
121, 54
219, 16
21, 268
86, 113
23, 115
262, 15
277, 33
30, 86
119, 282
195, 217
222, 165
55, 247
138, 32
244, 78
23, 79
229, 48
70, 275
130, 89
124, 223
71, 126
68, 29
186, 125
235, 96
44, 139
17, 264
214, 199
146, 190
81, 188
57, 239
284, 146
90, 145
137, 40
196, 151
144, 245
81, 186
273, 200
121, 121
34, 279
278, 198
16, 209
287, 135
173, 58
264, 31
161, 180
188, 270
188, 274
30, 24
120, 180
73, 11
201, 76
183, 177
60, 77
18, 77
25, 174
175, 117
247, 104
117, 260
108, 59
187, 178
260, 243
276, 44
25, 209
208, 165
280, 45
236, 262
261, 95
142, 200
242, 266
196, 66
270, 253
260, 261
232, 24
261, 265
9, 31
211, 159
69, 279
78, 180
196, 148
45, 68
198, 134
74, 261
230, 52
224, 169
251, 31
221, 233
179, 67
99, 73
37, 177
37, 53
18, 97
161, 204
114, 284
129, 97
153, 217
119, 184
21, 170
114, 103
264, 268
282, 198
127, 125
103, 149
118, 92
246, 37
239, 77
13, 260
266, 15
180, 190
73, 29
77, 8
230, 156
225, 157
272, 246
107, 151
241, 270
198, 112
238, 157
133, 279
133, 235
54, 163
14, 213
150, 210
273, 185
268, 267
13, 76
15, 255
267, 46
128, 59
55, 234
129, 101
270, 180
220, 223
123, 19
184, 247
148, 246
66, 125
95, 242
123, 216
227, 37
265, 92
181, 137
37, 153
265, 178
174, 62
91, 187
78, 29
137, 75
150, 250
11, 264
111, 174
116, 71
110, 287
81, 192
48, 2
50, 233
267, 27
29, 278
89, 164
133, 33
106, 283
36, 172
184, 277
257, 237
95, 248
120, 23
102, 286
132, 41
171, 174
57, 148
121, 71
72, 171
234, 120
181, 281
89, 149
269, 92
193, 61
112, 60
167, 53
89, 166
46, 263
80, 142
9, 212
130, 17
244, 273
121, 47
10, 207
69, 7
182, 21
270, 271
94, 70
273, 274
18, 251
12, 52
119, 222
281, 32
175, 161
211, 32
59, 152
202, 71
24, 213
272, 95
139, 176
67, 30
273, 89
285, 30
52, 240
60, 151
120, 111
226, 173
25, 281
168, 57
180, 47
46, 134
277, 88
94, 190
143, 97
82, 28
277, 274
201, 262
223, 177
231, 160
191, 9
52, 2
242, 157
120, 14
277, 202
170, 115
43, 76
231, 92
109, 85
204, 235
161, 139
103, 57
232, 56
172, 165
138, 273
54, 200
55, 229
154, 247
180, 227
206, 76
64, 4
218, 205
279, 40
176, 283
180, 181
38, 277
145, 211
204, 152
227, 216
43, 6
110, 140
277, 35
252, 101
210, 75
258, 132
91, 252
256, 116
164, 94
270, 16
223, 197
80, 11
40, 200
276, 243
201, 156
209, 40
45, 151
34, 167
140, 31
236, 58
102, 250
8, 78
68, 110
281, 271
92, 145
226, 180
226, 26
71, 247
281, 86
26, 118
194, 115
182, 25
42, 83
177, 33
93, 166
214, 76
102, 153
51, 250
46, 108
263, 87
233, 257
79, 33
80, 11
259, 238
79, 254
19, 118
284, 47
9, 268
245, 233
142, 181
224, 236
134, 224
139, 197
84, 9
279, 81
119, 83
234, 163
166, 181
45, 278
119, 212
163, 66
89, 129
85, 125
158, 249
213, 42
204, 20
285, 272
281, 76
106, 173
245, 41
101, 98
123, 222
245, 94
98, 289
191, 33
219, 180
150, 254
165, 169
50, 107
79, 238
230, 252
14, 247
280, 244
19, 36
53, 174
112, 213
248, 274
38, 105
34, 108
191, 198
64, 74
251, 257
41, 109
66, 190
7, 260
247, 74
185, 172
262, 188
109, 281
142, 270
140, 57
69, 100
58, 94
52, 152
171, 282
82, 36
157, 176
74, 24
200, 117
175, 228
263, 187
255, 136
140, 210
254, 14
260, 136
20, 181
165, 169
193, 84
133, 207
209, 196
197, 86
109, 73
11, 195
50, 166
18, 122
10, 243
128, 231
57, 41
45, 233
139, 119
263, 82
130, 61
76, 233
53, 95
154, 207
48, 84
173, 189
156, 10
9, 263
265, 77
81, 121
277, 182
142, 83
198, 214
76, 158
134, 189
147, 36
104, 83
168, 286
97, 293
189, 28
13, 96
154, 51
19, 272
48, 76
193, 58
8, 272
75, 174
74, 228
277, 238
281, 275
86, 34
219, 163
26, 51
289, 272
227, 202
109, 178
177, 156
42, 228
74, 275
24, 177
244, 130
241, 44
207, 251
203, 160
232, 265
208, 153
98, 177
154, 76
193, 221
20, 57
94, 145
78, 272
180, 198
255, 210
167, 181
270, 246
261, 10
92, 291
209, 260
142, 240
115, 122
199, 19
282, 71
129, 251
103, 278
108, 91
17, 166
104, 254
62, 29
116, 44
124, 141
259, 238
115, 14
62, 128
152, 7
143, 27
83, 196
53, 42
234, 19
167, 154
149, 205
179, 114
38, 4
266, 274
34, 101
32, 140
213, 204
157, 25
104, 116
106, 205
152, 242
120, 14
32, 53
225, 253
91, 245
189, 278
251, 277
146, 270
151, 78
232, 61
242, 193
158, 77
137, 281
130, 201
253, 84
115, 39
66, 22
254, 212
33, 283
96, 252
197, 90
167, 200
7, 216
33, 3
72, 159
112, 262
247, 276
159, 180
276, 268
213, 258
291, 137
67, 283
48, 94
82, 200
177, 65
16, 126
79, 276
130, 65
142, 48
73, 186
105, 144
212, 80
6, 276
263, 132
25, 190
76, 133
90, 73
51, 204
252, 79
69, 139
284, 89
141, 21
119, 286
264, 198
126, 179
185, 60
170, 290
93, 161
226, 92
131, 79
39, 138
154, 2
237, 273
262, 47
137, 87
122, 289
42, 180
76, 118
186, 32
265, 140
59, 254
154, 93
163, 147
254, 193
277, 68
45, 282
179, 248
50, 6
85, 73
9, 256
104, 258
190, 282
23, 97
184, 231
225, 43
80, 241
112, 166
17, 243
124, 170
8, 93
55, 141
6, 220
198, 67
78, 29
274, 206
279, 233
128, 172
68, 182
260, 271
62, 193
176, 174
262, 134
12, 167
115, 110
240, 126
286, 150
246, 158
69, 229
240, 58
11, 110
191, 175
41, 9
33, 20
230, 229
68, 174
109, 155
49, 272
77, 199
220, 192
13, 130
237, 265
64, 287
266, 96
130, 82
226, 193
136, 59
234, 277
59, 160
284, 244
143, 116
175, 251
259, 112
170, 228
46, 112
148, 17
281, 228
120, 257
152, 175
209, 200
176, 28
242, 71
47, 241
169, 60
31, 67
230, 179
204, 265
188, 204
205, 207
7, 165
166, 224
148, 119
23, 263
109, 258
135, 115
19, 259
18, 31
86, 13
223, 47
241, 213
71, 223
96, 262
186, 6
28, 2
219, 160
250, 10
266, 173
182, 254
161, 22
15, 178
122, 9
56, 45
107, 134
130, 95
49, 208
230, 280
191, 149
125, 45
189, 286
131, 236
260, 177
237, 166
67, 290
109, 291
169, 160
140, 184
232, 220
31, 80
239, 163
32, 154
42, 180
149, 137
89, 16
242, 106
285, 225
187, 56
193, 155
268, 270
288, 49
36, 106
88, 101
281, 182
186, 27
58, 124
207, 120
274, 13
89, 295
140, 7
243, 215
91, 170
266, 122
167, 97
280, 205
156, 96
118, 66
107, 216
193, 143
155, 238
176, 243
37, 227
169, 110
188, 152
200, 220
162, 70
176, 137
285, 145
90, 88
37, 44
42, 47
100, 242
248, 82
28, 150
112, 9
145, 60
238, 217
184, 41
24, 5
284, 193
147, 174
93, 13
141, 151
257, 99
274, 8
251, 158
257, 185
185, 24
286, 182
267, 72
44, 32
276, 28
44, 116
118, 5
72, 146
243, 28
8, 114
195, 116
291, 132
265, 188
17, 255
181, 260
227, 263
89, 178
168, 168
249, 43
3, 189
43, 55
278, 248
50, 181
283, 279
115, 256
152, 118
95, 136
20, 255
263, 5
36, 157
137, 2
283, 232
229, 183
51, 20
99, 115
55, 107
204, 221
93, 227
162, 79
243, 231
184, 286
230, 95
165, 195
115, 23
253, 6
114, 178
165, 19
123, 145
227, 217
143, 221
27, 139
12, 251
166, 186
214, 122
48, 148
23, 148
243, 110
130, 116
186, 228
249, 211
107, 200
114, 182
226, 98
24, 285
215, 222
8, 197
102, 215
105, 195
274, 251
288, 154
68, 114
142, 193
285, 25
80, 24
62, 280
31, 67
8, 26
139, 154
288, 191
261, 229
69, 193
242, 104
72, 6
8, 128
203, 80
120, 23
97, 10
216, 141
4, 214
55, 76
33, 162
41, 64
19, 61
34, 44
116, 57
191, 213
202, 142
284, 139
120, 274
80, 116
160, 41
288, 140
269, 207
98, 149
231, 167
238, 252
151, 190
21, 92
273, 64
143, 185
110, 38
123, 114
146, 80
78, 193
219, 55
282, 283
167, 219
119, 40
109, 96
142, 67
197, 94
285, 78
233, 233
279, 252
131, 138
236, 210
204, 66
147, 5
47, 56
19, 5
41, 260
140, 146
60, 132
90, 144
211, 264
282, 287
40, 281
270, 188
106, 78
132, 37
98, 188
189, 87
271, 90
267, 7
241, 220
279, 8
97, 123
255, 272
278, 290
125, 51
47, 93
174, 112
8, 132
24, 276
50, 48
289, 22
269, 196
157, 253
104, 204
171, 98
238, 96
253, 127
286, 228
106, 247
229, 284
80, 112
281, 65
153, 138
110, 246
122, 227
158, 129
189, 50
172, 294
19, 275
43, 99
284, 52
11, 124
102, 208
192, 270
79, 6
223, 16
276, 285
293, 269
52, 211
100, 52
165, 227
260, 23
1, 275
4, 110
280, 177
195, 47
185, 290
199, 163
176, 291
250, 47
285, 290
29, 210
254, 280
166, 80
219, 134
108, 286
43, 75
287, 128
120, 293
152, 139
234, 163
226, 94
284, 202
240, 200
96, 227
162, 246
245, 214
242, 78
23, 169
156, 257
255, 20
144, 80
22, 173
7, 192
109, 64
100, 101
19, 247
45, 176
187, 76
124, 55
55, 243
241, 152
279, 209
225, 188
196, 196
125, 64
8, 238
251, 268
45, 116
228, 206
131, 205
111, 26
145, 254
201, 48
130, 274
49, 108
83, 193
144, 140
170, 277
68, 76
185, 39
25, 87
224, 11
266, 49
288, 244
253, 153
94, 178
88, 229
57, 224
121, 131
13, 99
64, 17
74, 33
122, 105
273, 291
108, 42
14, 272
14, 238
125, 12
178, 58
80, 170
95, 172
63, 182
283, 60
148, 53
71, 237
29, 43
247, 193
172, 193
59, 226
145, 22
61, 230
70, 24
105, 210
6, 196
72, 264
104, 231
287, 34
65, 255
161, 178
193, 286
262, 108
285, 244
241, 86
270, 209
221, 153
288, 17
46, 162
11, 91
266, 115
283, 173
60, 290
24, 69
229, 189
188, 152
284, 248
70, 243
159, 124
108, 182
84, 120
140, 284
264, 2
181, 45
204, 133
128, 129
29, 38
33, 203
165, 277
71, 250
286, 93
90, 247
251, 130
237, 191
87, 262
46, 129
160, 279
97, 207
282, 80
27, 8
198, 216
267, 262
127, 35
247, 245
121, 60
21, 152
191, 32
143, 133
25, 181
118, 21
162, 149
107, 107
3, 105
113, 140
232, 287
231, 282
175, 195
22, 137
263, 233
173, 246
44, 264
289, 202
270, 123
253, 284
55, 206
295, 139
221, 93
163, 143
7, 51
63, 244
177, 238
25, 122
6, 185
90, 222
214, 180
112, 151
262, 249
228, 177
257, 155
14, 205
33, 212
253, 276
87, 28
239, 195
46, 227
142, 146
151, 179
234, 205
277, 49
129, 282
248, 222
218, 97
294, 202
56, 119
179, 258
257, 82
239, 204
228, 136
125, 209
169, 242
16, 152
10, 268
27, 76
209, 84
256, 150
181, 145
268, 82
236, 124
249, 69
22, 209
131, 122
286, 271
287, 283
220, 252
292, 189
166, 272
288, 293
193, 217
4, 100
281, 152
13, 276
46, 89
24, 5
66, 69
221, 50
70, 70
71, 10
278, 76
19, 99
117, 188
72, 180
241, 53
259, 1
263, 278
67, 95
269, 142
226, 276
73, 177
50, 244
282, 266
292, 295
129, 164
50, 159
280, 55
188, 217
241, 36
141, 185
126, 243
219, 36
59, 207
11, 151
231, 291
278, 131
120, 227
241, 167
243, 208
58, 179
64, 138
199, 65
159, 28
190, 29
23, 96
107, 46
141, 135
178, 76
276, 96
202, 200
27, 91
292, 25
156, 27
219, 151
170, 160
225, 287
214, 122
64, 79
117, 205
156, 96
257, 215
63, 181
253, 213
36, 259
70, 286
159, 194
18, 140
95, 49
120, 66
138, 57
223, 176
210, 247
222, 151
3, 27
122, 75
71, 37
220, 286
254, 88
151, 76
192, 193
3, 168
117, 102
220, 7
267, 84
108, 203
144, 286
177, 165
164, 196
154, 212
257, 276
275, 77
152, 69
215, 19
259, 116
253, 67
196, 289
200, 52
270, 74
278, 100
188, 191
208, 264
0, 23
135, 100
73, 66
103, 58
261, 212
172, 28
272, 175
31, 158
179, 55
125, 272
71, 291
167, 293
289, 80
5, 55
279, 246
30, 120
73, 114
44, 274
77, 63
123, 205
9, 223
80, 150
244, 170
78, 172
262, 52
186, 186
46, 49
61, 20
276, 213
232, 213
114, 103
42, 155
184, 114
65, 290
153, 155
44, 202
287, 71
164, 133
283, 69
110, 30
168, 105
9, 215
190, 159
47, 212
160, 84
215, 29
37, 211
78, 153
190, 179
3, 209
47, 59
91, 251
203, 254
261, 153
74, 99
100, 296
254, 247
54, 140
215, 194
99, 237
173, 286
90, 34
256, 267
235, 91
158, 119
165, 177
88, 134
223, 57
144, 63
90, 47
250, 137
271, 263
40, 178
213, 202
132, 24
2, 22
222, 291
136, 285
2, 162
169, 298
194, 181
81, 156
178, 173
274, 120
124, 90
48, 105
0, 157
186, 177
225, 7
70, 165
280, 93
160, 226
282, 97
92, 83
266, 153
203, 239
74, 244
264, 261
160, 16
122, 264
247, 273
103, 238
289, 123
181, 161
93, 218
15, 92
141, 235
217, 41
86, 4
259, 40
256, 159
216, 59
226, 110
121, 85
271, 15
123, 234
142, 5
59, 219
76, 223
237, 72
229, 6
24, 272
4, 96
103, 39
34, 231
125, 159
120, 136
104, 298
97, 94
262, 121
114, 208
261, 80
124, 100
95, 256
130, 283
33, 34
216, 117
235, 52
115, 200
217, 63
28, 28
99, 192
47, 78
229, 18
282, 126
291, 135
112, 250
208, 145
163, 127
74, 1
52, 241
148, 287
291, 93
272, 281
169, 197
15, 64
79, 165
268, 91
253, 216
174, 113
211, 70
204, 168
145, 87
234, 189
181, 28
117, 8
32, 148
129, 191
120, 42
208, 67
262, 282
82, 143
252, 201
118, 49
167, 70
7, 87
145, 106
292, 48
280, 134
240, 221
183, 1
135, 147
248, 29
15, 114
199, 267
161, 36
118, 242
232, 14
226, 207
99, 250
123, 236
296, 189
187, 129
223, 228
289, 222
88, 175
288, 118
228, 93
218, 212
89, 29
37, 30
75, 121
63, 209
124, 259
227, 21
169, 165
49, 259
192, 170
104, 288
162, 208
99, 127
139, 93
181, 16
182, 78
27, 12
96, 5
64, 86
188, 222
287, 171
217, 292
0, 192
162, 292
76, 247
106, 226
201, 91
107, 230
22, 62
214, 133
115, 138
12, 111
288, 239
206, 124
241, 174
27, 265
170, 42
32, 235
176, 223
19, 66
14, 233
188, 290
56, 20
257, 64
292, 15
270, 170
209, 178
111, 103
58, 294
189, 121
65, 92
177, 60
272, 165
197, 51
52, 76
7, 170
185, 294
20, 162
170, 195
230, 24
15, 250
280, 168
32, 12
278, 156
289, 227
209, 221
215, 251
265, 35
108, 162
81, 147
228, 147
280, 22
166, 281
171, 160
236, 260
56, 49
283, 25
198, 137
224, 16
171, 240
150, 97
180, 185
154, 251
150, 267
108, 265
213, 288
297, 270
90, 255
168, 153
1, 183
247, 264
100, 224
51, 269
263, 216
163, 77
47, 120
191, 200
283, 186
155, 210
214, 267
291, 157
286, 136
78, 107
28, 150
81, 103
29, 105
133, 251
165, 82
162, 165
39, 222
289, 12
103, 163
115, 289
132, 29
156, 151
87, 167
211, 58
81, 264
46, 23
238, 117
296, 206
265, 226
136, 171
57, 282
211, 139
257, 193
283, 241
28, 134
289, 52
147, 89
94, 266
161, 196
262, 282
242, 97
263, 193
265, 285
67, 211
7, 249
153, 233
266, 146
130, 133
242, 203
166, 137
188, 35
259, 43
43, 36
125, 200
4, 50
139, 128
61, 268
135, 247
182, 67
78, 2
20, 37
158, 288
236, 203
46, 202
287, 251
155, 202
237, 104
50, 196
36, 188
269, 37
72, 229
207, 136
245, 9
277, 59
106, 25
84, 165
241, 82
133, 64
92, 207
121, 217
39, 71
110, 16
252, 197
147, 282
274, 59
108, 57
170, 253
268, 270
191, 207
142, 250
262, 56
45, 116
214, 54
235, 292
172, 66
294, 153
169, 257
2, 199
266, 135
287, 71
270, 46
209, 165
25, 162
283, 294
88, 126
3, 45
200, 271
6, 90
179, 122
274, 23
39, 133
290, 138
139, 265
103, 110
232, 103
294, 123
235, 128
3, 256
54, 102
11, 181
202, 263
165, 58
141, 164
44, 40
263, 263
259, 88
146, 235
49, 275
106, 249
135, 228
260, 161
7, 59
22, 217
77, 106
219, 196
161, 250
14, 47
188, 183
8, 262
293, 53
230, 99
273, 63
2, 258
203, 226
49, 11
85, 39
265, 252
140, 38
32, 147
66, 0
193, 123
72, 121
240, 133
218, 129
183, 173
14, 274
269, 20
35, 238
179, 223
55, 27
107, 251
168, 200
19, 185
272, 84
112, 144
177, 177
231, 260
74, 149
276, 63
21, 108
73, 195
281, 50
187, 91
152, 262
190, 111
112, 95
211, 147
134, 14
203, 218
209, 148
127, 143
143, 290
213, 261
283, 8
226, 87
213, 184
270, 258
143, 59
67, 169
269, 224
209, 261
176, 107
175, 145
7, 73
95, 222
117, 233
58, 14
255, 22
211, 25
124, 81
247, 77
267, 132
56, 248
270, 295
210, 213
122, 211
277, 209
184, 242
222, 127
104, 77
298, 121
241, 262
284, 114
168, 188
53, 94
168, 139
49, 114
187, 253
290, 127
64, 99
15, 57
261, 172
178, 0
49, 11
191, 6
230, 175
25, 255
155, 225
290, 37
270, 30
40, 49
116, 104
141, 214
282, 27
181, 76
109, 236
257, 106
124, 295
131, 173
267, 283
243, 61
274, 241
215, 271
117, 233
67, 20
191, 250
262, 45
36, 83
276, 228
104, 70
57, 260
293, 77
151, 195
89, 286
272, 231
43, 259
273, 158
154, 182
152, 89
198, 167
270, 150
240, 23
244, 20
272, 154
244, 56
171, 126
175, 48
157, 69
0, 109
269, 20
296, 50
67, 280
291, 97
185, 282
96, 16
253, 188
70, 245
278, 286
205, 71
266, 172
48, 222
156, 157
297, 76
248, 79
75, 58
234, 6
238, 257
91, 149
109, 169
116, 164
290, 30
259, 90
73, 160
238, 62
152, 244
190, 88
157, 207
229, 169
146, 224
298, 80
41, 85
281, 230
92, 128
245, 198
43, 52
118, 78
20, 188
12, 260
164, 239
225, 114
75, 34
31, 185
240, 7
193, 127
244, 162
292, 238
236, 170
111, 218
160, 175
21, 158
115, 274
284, 34
146, 164
226, 125
89, 40
290, 273
215, 55
25, 50
233, 98
150, 90
15, 228
156, 71
164, 53
126, 286
144, 82
102, 100
130, 145
294, 160
122, 149
139, 235
90, 111
178, 44
35, 129
232, 71
283, 109
113, 75
162, 62
44, 286
120, 105
266, 122
230, 164
4, 124
239, 137
6, 122
140, 277
118, 174
41, 157
176, 233
175, 4
211, 253
208, 236
147, 159
236, 150
227, 58
283, 279
32, 96
123, 195
215, 296
24, 134
210, 270
231, 225
163, 106
74, 25
155, 267
205, 181
166, 36
24, 221
263, 157
255, 21
51, 269
299, 160
158, 66
85, 244
107, 86
49, 202
181, 153
244, 13
144, 47
67, 146
300, 47
67, 170
50, 244
288, 241
294, 184
276, 67
215, 174
281, 221
57, 86
20, 239
182, 30
140, 248
167, 296
14, 223
293, 293
8, 48
268, 73
45, 200
224, 47
250, 71
148, 185
296, 164
246, 259
241, 15
219, 36
166, 297
3, 62
223, 138
121, 239
188, 1
122, 93
183, 0
143, 72
196, 130
228, 67
75, 286
226, 290
14, 170
19, 243
38, 217
164, 14
64, 197
101, 24
128, 216
194, 257
130, 126
13, 114
289, 288
58, 197
136, 187
84, 292
265, 67
252, 51
136, 176
256, 28
196, 225
189, 144
113, 50
98, 143
272, 220
104, 288
85, 46
256, 226
102, 286
4, 241
201, 121
292, 209
11, 167
287, 55
209, 139
203, 19
60, 117
14, 208
269, 118
276, 145
114, 89
60, 49
176, 201
227, 19
193, 135
123, 5
204, 54
201, 56
167, 53
194, 160
198, 196
220, 111
88, 101
254, 90
165, 211
256, 49
169, 210
21, 289
4, 117
281, 163
78, 61
16, 191
127, 38
200, 275
142, 230
6, 252
144, 147
10, 56
258, 221
259, 189
266, 105
269, 10
31, 7
188, 142
66, 282
65, 133
182, 33
10, 185
87, 226
146, 30
23, 9
284, 136
139, 38
167, 192
94, 242
206, 140
249, 92
28, 118
284, 287
71, 131
147, 120
133, 68
216, 159
212, 154
187, 30
237, 25
279, 88
26, 275
245, 49
216, 216
8, 126
58, 262
136, 27
292, 264
168, 131
222, 199
170, 5
173, 74
265, 297
195, 209
113, 278
209, 291
291, 281
275, 223
184, 29
162, 31
83, 287
128, 264
290, 148
227, 199
3, 235
4, 40
45, 245
234, 181
150, 12
297, 295
274, 250
79, 219
93, 76
193, 35
0, 40
171, 78
161, 101
220, 59
25, 57
0, 113
0, 191
196, 185
147, 181
254, 188
201, 279
253, 288
140, 134
234, 6
23, 225
275, 100
132, 182
42, 121
249, 260
109, 195
64, 49
139, 293
230, 9
114, 195
32, 287
189, 198
161, 38
98, 268
129, 170
93, 119
190, 87
150, 87
55, 155
208, 111
195, 220
293, 242
232, 19
116, 275
155, 159
24, 99
16, 291
199, 160
287, 24
193, 232
161, 64
81, 196
59, 289
42, 217
30, 174
254, 134
258, 140
26, 129
275, 133
251, 115
104, 243
219, 51
141, 76
115, 228
172, 281
72, 290
264, 10
191, 224
295, 95
241, 248
296, 262
132, 264
220, 143
52, 120
177, 294
13, 197
0, 262
142, 159
239, 289
263, 150
99, 233
200, 135
157, 169
17, 211
14, 136
160, 134
226, 62
133, 83
4, 271
34, 26
203, 43
105, 103
207, 69
202, 125
297, 163
196, 120
76, 67
87, 77
233, 109
61, 33
16, 91
50, 52
278, 293
250, 226
209, 124
177, 149
12, 27
265, 157
100, 2
172, 82
72, 146
207, 62
213, 198
264, 289
9, 234
127, 75
14, 254
268, 96
270, 79
224, 200
52, 248
26, 201
247, 124
237, 174
269, 149
150, 201
18, 40
167, 55
71, 125
49, 173
217, 259
99, 228
262, 188
10, 136
88, 160
259, 265
134, 170
190, 294
3, 280
29, 71
120, 158
11, 67
31, 187
39, 265
171, 184
268, 228
236, 149
238, 98
199, 74
120, 0
263, 141
140, 59
20, 280
49, 15
16, 218
18, 295
75, 252
281, 286
69, 74
126, 103
73, 110
69, 89
42, 26
260, 74
166, 86
6, 91
215, 108
84, 165
185, 237
236, 291
118, 192
122, 34
246, 74
270, 123
74, 268
179, 82
119, 153
229, 236
78, 272
28, 2
78, 203
3, 69
122, 96
6, 210
264, 221
253, 251
24, 41
88, 121
187, 167
11, 290
108, 147
237, 151
244, 202
169, 121
75, 15
136, 254
34, 78
286, 283
255, 160
221, 275
202, 14
286, 130
83, 146
271, 5
225, 7
274, 297
272, 299
191, 50
255, 54
49, 49
183, 273
78, 54
215, 6
49, 286
174, 128
60, 185
99, 35
275, 223
180, 291
5, 113
259, 83
153, 168
221, 109
7, 293
203, 16
37, 96
187, 232
66, 129
75, 237
148, 168
7, 281
215, 44
129, 223
252, 210
275, 238
238, 130
77, 143
73, 60
11, 162
165, 252
115, 159
177, 232
141, 163
17, 172
159, 12
161, 299
35, 275
284, 34
122, 240
222, 265
190, 239
68, 31
110, 80
115, 79
253, 284
32, 19
135, 115
169, 18
269, 69
77, 94
273, 254
25, 155
236, 178
250, 138
178, 286
97, 68
218, 49
157, 123
283, 51
19, 70
143, 14
145, 219
123, 171
65, 255
171, 216
268, 241
191, 20
83, 247
231, 291
288, 111
20, 228
274, 178
262, 215
174, 199
23, 122
172, 287
52, 188
46, 176
165, 106
98, 282
16, 276
94, 295
150, 185
262, 87
278, 15
230, 295
153, 194
238, 237
34, 263
296, 132
33, 242
103, 28
92, 282
115, 249
86, 183
229, 279
69, 25
25, 57
46, 40
86, 264
100, 71
234, 40
290, 74
84, 284
276, 151
209, 135
83, 256
189, 224
243, 126
266, 80
292, 110
116, 27
14, 118
202, 119
12, 187
188, 142
39, 167
271, 147
97, 10
284, 104
20, 180
178, 243
175, 23
237, 296
39, 160
75, 3
65, 44
227, 73
103, 74
201, 130
163, 96
141, 260
103, 184
35, 206
292, 41
45, 290
187, 74
177, 23
162, 61
117, 74
64, 254
159, 91
155, 88
242, 207
90, 156
167, 49
78, 180
277, 278
273, 48
186, 133
65, 177
232, 137
224, 180
159, 269
258, 154
120, 14
66, 247
133, 129
6, 161
129, 207
29, 28
171, 67
113, 108
65, 141
95, 222
59, 78
194, 245
25, 197
34, 210
182, 251
28, 221
165, 90
194, 2
136, 276
197, 293
278, 83
193, 1
222, 116
296, 108
224, 188
0, 35
191, 291
156, 38
131, 256
185, 155
225, 249
275, 43
129, 277
245, 150
240, 66
101, 173
186, 256
8, 33
278, 187
149, 258
247, 157
55, 5
176, 282
217, 246
91, 299
204, 107
194, 203
77, 6
191, 73
95, 128
227, 244
236, 33
81, 133
291, 194
138, 68
229, 204
3, 31
64, 8
114, 181
24, 292
205, 224
271, 274
174, 257
114, 289
59, 34
222, 189
139, 42
12, 87
170, 261
166, 200
184, 207
55, 271
106, 253
119, 97
258, 14
149, 213
262, 86
111, 295
23, 261
264, 21
169, 268
153, 287
205, 174
46, 155
125, 97
125, 16
170, 169
239, 211
279, 204
140, 122
196, 158
140, 158
217, 281
54, 192
159, 81
245, 206
35, 267
249, 38
58, 166
90, 269
218, 67
152, 173
270, 107
171, 57
30, 264
77, 247
284, 287
280, 227
236, 10
270, 246
215, 156
151, 221
114, 298
241, 124
69, 102
53, 144
63, 94
248, 146
147, 241
52, 183
12, 73
259, 220
300, 52
246, 213
274, 18
270, 267
142, 273
134, 78
102, 188
260, 251
0, 231
253, 44
129, 106
125, 23
172, 204
230, 61
117, 118
146, 132
293, 179
277, 29
47, 228
263, 216
248, 202
278, 104
200, 291
266, 212
111, 45
165, 177
191, 65
296, 16
10, 190
52, 74
226, 128
62, 204
246, 256
258, 184
170, 215
203, 49
128, 294
261, 278
258, 214
258, 149
235, 214
66, 221
247, 52
2, 230
258, 116
61, 248
86, 296
42, 90
8, 98
18, 60
86, 230
225, 94
216, 45
297, 198
99, 253
236, 1
261, 192
173, 45
228, 220
283, 56
268, 233
252, 143
188, 151
99, 46
111, 227
84, 254
34, 216
13, 272
187, 209
268, 31
76, 190
142, 54
280, 240
28, 8
95, 247
274, 80
257, 193
90, 202
267, 56
277, 239
126, 218
59, 183
268, 73
233, 185
268, 289
218, 220
99, 78
255, 71
225, 8
94, 29
90, 255
67, 216
22, 164
188, 37
272, 54
76, 155
70, 197
245, 90
125, 240
66, 174
279, 192
72, 282
159, 127
100, 212
265, 109
168, 248
242, 130
66, 215
45, 178
40, 223
82, 107
155, 156
188, 116
226, 187
116, 207
238, 112
153, 119
240, 226
26, 186
34, 142
150, 101
190, 253
167, 0
83, 248
99, 259
296, 38
275, 161
3, 95
194, 115
203, 250
177, 20
29, 107
228, 274
43, 108
63, 44
183, 215
297, 50
18, 31
218, 288
238, 182
95, 211
222, 203
182, 33
187, 245
85, 157
24, 66
232, 272
56, 208
57, 203
61, 213
250, 62
150, 113
133, 92
251, 205
293, 82
199, 30
103, 74
216, 226
205, 206
187, 27
101, 97
279, 59
123, 281
182, 89
201, 39
31, 62
257, 165
231, 193
138, 97
217, 263
31, 115
182, 185
22, 189
41, 114
271, 212
265, 284
256, 94
110, 258
78, 214
102, 6
283, 119
123, 123
200, 183
278, 200
150, 164
253, 131
17, 167
215, 253
225, 297
198, 112
144, 293
58, 223
269, 51
59, 97
126, 185
180, 234
7, 199
260, 0
291, 259
13, 59
275, 258
267, 292
247, 71
124, 244
63, 224
99, 82
19, 132
268, 157
251, 225
128, 63
149, 19
113, 182
29, 199
246, 258
109, 222
87, 138
132, 138
250, 209
208, 274
7, 217
118, 50
252, 41
86, 186
91, 232
210, 124
285, 53
153, 179
294, 27
165, 276
271, 15
161, 223
212, 48
286, 75
171, 13
158, 214
183, 132
71, 125
240, 256
86, 92
229, 223
128, 145
277, 83
174, 187
38, 124
213, 257
100, 168
233, 220
95, 226
199, 105
54, 143
150, 24
233, 55
179, 93
285, 177
146, 154
179, 142
287, 85
23, 245
109, 178
59, 2
252, 245
0, 113
214, 263
44, 167
273, 146
47, 155
218, 15
44, 272
16, 127
143, 53
101, 120
133, 110
25, 190
6, 64
71, 1
170, 250
166, 45
252, 219
145, 76
130, 185
87, 280
142, 146
249, 219
285, 3
93, 272
219, 147
136, 9
200, 62
36, 8
248, 167
82, 189
242, 105
275, 127
42, 238
67, 157
7, 274
271, 58
162, 284
251, 257
174, 18
11, 224
3, 133
28, 158
28, 56
49, 245
89, 294
264, 45
75, 234
282, 68
18, 95
73, 66
49, 147
97, 150
187, 12
51, 182
151, 149
266, 266
188, 82
96, 202
153, 28
260, 254
142, 227
208, 286
254, 280
254, 154
282, 82
86, 192
25, 180
243, 274
86, 254
277, 268
208, 145
71, 94
139, 279
27, 145
292, 111
190, 212
257, 290
16, 101
286, 42
14, 68
40, 85
109, 177
276, 3
297, 205
267, 151
128, 277
103, 289
212, 79
18, 213
273, 77
10, 134
229, 103
161, 115
276, 58
114, 148
119, 99
229, 45
23, 263
115, 169
138, 44
213, 184
134, 242
196, 282
97, 192
230, 8
10, 187
220, 101
190, 260
274, 289
291, 213
52, 192
244, 9
29, 291
190, 205
195, 22
53, 187
238, 124
208, 202
17, 194
225, 30
188, 273
127, 176
152, 180
294, 117
31, 258
187, 61
62, 103
198, 15
209, 265
262, 27
68, 4
4, 225
257, 149
83, 272
206, 138
188, 125
226, 240
114, 85
9, 110
231, 26
267, 249
152, 291
191, 106
156, 66
56, 0
298, 274
11, 241
205, 139
172, 149
135, 120
145, 84
25, 187
93, 237
221, 151
62, 81
231, 36
31, 246
211, 215
132, 232
63, 142
29, 283
66, 69
212, 170
208, 51
214, 230
13, 142
57, 211
280, 223
200, 86
145, 12
166, 211
27, 137
35, 59
32, 181
38, 285
91, 246
253, 243
94, 114
281, 152
37, 235
215, 166
298, 150
61, 297
242, 182
264, 138
25, 110
252, 75
258, 67
64, 163
299, 97
43, 196
76, 12
209, 278
55, 81
130, 124
220, 101
90, 188
217, 236
175, 228
63, 216
176, 86
154, 212
219, 222
268, 150
0, 244
92, 160
152, 172
142, 197
197, 100
29, 43
132, 219
194, 94
167, 27
84, 219
181, 219
33, 123
8, 140
47, 121
295, 234
68, 224
114, 4
0, 101
117, 198
181, 295
51, 129
173, 132
204, 94
208, 173
190, 286
172, 106
252, 229
35, 275
40, 233
104, 35
300, 259
114, 117
125, 223
288, 173
203, 95
98, 156
94, 124
145, 137
109, 291
229, 197
41, 64
187, 286
88, 229
166, 48
89, 102
198, 115
212, 235
78, 39
219, 267
227, 53
87, 273
7, 177
108, 100
92, 231
280, 215
277, 280
113, 19
121, 155
43, 267
218, 168
24, 250
107, 269
269, 11
53, 158
250, 24
163, 243
259, 118
262, 64
116, 257
211, 140
118, 296
208, 16
287, 243
76, 94
210, 20
228, 82
112, 241
129, 176
177, 12
120, 130
52, 167
158, 49
290, 7
183, 48
157, 160
209, 223
97, 262
114, 177
194, 194
246, 267
106, 136
46, 69
288, 56
186, 298
292, 73
173, 189
181, 109
253, 15
219, 16
162, 231
50, 19
33, 118
197, 125
186, 171
179, 112
90, 258
167, 242
96, 16
60, 199
17, 139
170, 169
228, 13
17, 71
121, 57
22, 106
271, 37
126, 117
2, 109
139, 101
89, 9
215, 110
134, 276
71, 170
134, 104
290, 30
146, 21
139, 285
94, 154
216, 92
138, 134
150, 74
92, 197
162, 26
120, 250
294, 299
129, 169
126, 8
136, 176
170, 226
129, 141
27, 95
265, 18
157, 262
49, 216
176, 261
237, 15
165, 81
65, 120
133, 258
229, 290
27, 276
225, 14
129, 66
157, 104
158, 263
281, 79
191, 116
123, 107
188, 122
25, 32
147, 261
170, 19
157, 25
256, 173
82, 29
168, 101
111, 129
183, 109
30, 203
275, 248
217, 118
108, 273
183, 154
150, 295
2, 59
98, 111
286, 200
247, 140
39, 221
90, 108
139, 42
13, 193
45, 158
261, 214
262, 293
69, 295
154, 111
102, 66
11, 246
85, 282
91, 286
163, 129
186, 3
175, 186
66, 275
261, 145
300, 35
59, 284
101, 246
263, 90
156, 165
262, 85
26, 278
244, 85
122, 222
221, 2
229, 236
225, 87
219, 146
294, 9
46, 85
122, 187
281, 121
183, 84
295, 288
11, 246
65, 133
269, 137
231, 247
289, 245
45, 103
277, 116
248, 171
114, 260
9, 255
150, 10
233, 177
40, 154
0, 72
97, 3
229, 156
32, 135
94, 164
63, 158
127, 240
234, 132
159, 227
8, 30
17, 299
142, 150
202, 218
32, 216
89, 181
63, 239
3, 237
266, 80
54, 6
245, 33
41, 204
15, 71
292, 86
204, 107
6, 185
82, 104
180, 159
255, 294
150, 102
258, 215
88, 239
293, 17
196, 9
235, 269
126, 94
231, 124
193, 91
198, 151
196, 45
299, 233
253, 89
53, 178
8, 267
9, 275
134, 292
284, 216
114, 222
29, 250
187, 78
226, 148
248, 248
67, 177
290, 67
103, 262
273, 0
7, 109
61, 0
36, 82
282, 132
235, 173
218, 135
47, 217
12, 51
235, 67
79, 261
183, 0
14, 191
248, 126
114, 18
25, 296
299, 56
279, 80
90, 165
274, 109
236, 284
276, 54
147, 94
300, 110
161, 174
8, 155
46, 89
77, 281
111, 269
4, 246
182, 127
18, 142
257, 58
74, 254
225, 159
46, 236
176, 262
37, 18
176, 57
185, 251
122, 163
197, 232
185, 17
100, 196
27, 189
85, 17
15, 102
81, 5
178, 164
223, 66
32, 105
296, 281
248, 246
59, 34
80, 67
58, 94
287, 277
152, 5
216, 106
297, 86
89, 79
9, 255
133, 29
132, 87
161, 80
40, 14
26, 44
63, 246
230, 171
124, 111
254, 241
283, 10
32, 131
270, 126
297, 84
243, 105
97, 160
131, 207
110, 11
183, 126
244, 289
179, 176
290, 81
261, 200
268, 211
16, 180
72, 62
89, 113
187, 109
259, 30
282, 147
29, 228
69, 111
37, 274
164, 109
202, 243
159, 54
161, 280
172, 37
84, 238
80, 174
10, 168
109, 155
139, 17
145, 57
3, 112
120, 180
113, 4
283, 143
181, 54
154, 99
292, 32
250, 296
171, 71
161, 274
267, 30
154, 81
296, 134
184, 114
31, 198
115, 168
73, 4
189, 10
35, 86
73, 140
159, 200
22, 126
202, 201
149, 45
31, 62
216, 276
53, 218
103, 44
179, 218
5, 180
30, 272
209, 11
288, 268
136, 85
184, 72
15, 146
154, 155
183, 57
184, 146
189, 17
222, 198
264, 76
208, 260
238, 279
229, 132
81, 158
225, 126
22, 250
254, 109
243, 164
82, 134
30, 72
170, 235
260, 54
236, 35
201, 9
116, 12
18, 81
45, 158
34, 178
136, 79
152, 106
119, 252
16, 167
229, 119
271, 86
183, 202
296, 38
257, 243
233, 109
0, 51
39, 84
19, 68
79, 290
209, 73
19, 275
146, 217
179, 6
89, 94
9, 37
273, 210
107, 272
214, 24
253, 196
44, 15
42, 58
100, 86
122, 285
13, 295
38, 206
160, 200
90, 73
298, 9
54, 23
220, 174
37, 53
43, 240
222, 18
265, 33
37, 131
170, 8
257, 120
279, 60
114, 170
115, 225
90, 256
190, 75
241, 242
213, 220
185, 264
116, 252
258, 130
300, 194
204, 107
22, 300
67, 173
114, 239
106, 120
63, 109
254, 228
125, 5
7, 258
114, 107
75, 167
192, 219
243, 197
269, 181
254, 264
150, 32
269, 111
61, 23
16, 184
48, 112
15, 168
138, 239
245, 224
205, 151
138, 233
272, 262
70, 264
104, 87
292, 85
282, 13
104, 155
293, 56
155, 139
132, 59
196, 30
189, 244
70, 41
145, 252
126, 57
10, 63
121, 239
209, 229
169, 3
63, 22
222, 20
168, 92
247, 166
94, 43
270, 67
155, 159
98, 76
189, 174
27, 62
112, 151
210, 49
231, 193
60, 183
229, 284
25, 197
15, 246
117, 8
92, 99
59, 163
10, 21
